19
89227  4.3635      4.14e-07
89227  4.4235      8.28e-07
89227  4.4455       6.9e-06
89227  4.4585       6.9e-07
89227  4.5115      4.14e-07
89227  4.5815      4.14e-07
89227  4.5895      1.38e-06
89227  4.5945      2.76e-06
89227  4.7155      5.52e-05
89227  4.7385     1.242e-05
89227  4.7685     0.0002484
89227  4.7855     1.104e-05
89227  4.7965      0.000138
89227  4.8225      9.66e-06
89227  4.8555      0.000828
89227  4.8725     0.0008694
89227  4.8985     1.518e-05
89227  4.9405     0.0054648
89227  4.9535     0.0065826
