29
89225  5.0215         5e-06
89225  5.0675         3e-05
89225  5.0915         6e-05
89225  5.1315         4e-05
89225  5.2025         2e-05
89225  5.2115        0.0003
89225  5.2395         3e-05
89225  5.2705       0.00014
89225  5.2865        0.0023
89225  5.3215        0.0007
89225  5.4365        0.0007
89225  5.4435        0.0014
89225  5.5405       0.00015
89225  5.5455        0.0003
89225  5.5545         0.001
89225  5.5635       0.00034
89225  5.5805         0.012
89225  5.5985        0.0004
89225  5.6095         0.011
89225  5.6375         0.044
89225  5.6825         0.013
89225  5.7245         0.031
89225  5.7315        0.0087
89225  5.7325        0.0932
89225  5.7905         0.086
89225  5.7925         0.181
89225  5.8055         0.003
89225  5.8295       0.00023
89225  5.8305         0.507
