29
89223  5.8925       9.9e-05
89223  5.9665      0.000297
89223  6.0235       9.9e-05
89223  6.0825      0.000297
89223  6.1345      0.001188
89223  6.1405      0.000297
89223  6.1635      0.000495
89223  6.1775      0.009405
89223  6.2055      0.000297
89223  6.2235      5.94e-05
89223  6.2355      0.000891
89223  6.2815      0.000495
89223  6.2925      0.004653
89223  6.2935      0.000594
89223  6.3255       0.00297
89223  6.3325      0.001386
89223  6.3415      0.000495
89223  6.3605      0.002178
89223  6.3965      0.001287
89223  6.4485       0.00198
89223  6.4545      0.000594
89223  6.4735       0.03069
89223  6.5235       0.00594
89223  6.5285       0.03069
89223  6.5635       0.13563
89223  6.5815       0.00297
89223  6.6065       0.00495
89223  6.6465       0.44154
89223  6.6615       0.31482
