27
89224  5.6445      5.46e-05
89224  5.7125     0.0001092
89224  5.7215     0.0001092
89224  5.7425      4.55e-05
89224  5.7715     0.0002184
89224  5.7795      5.46e-05
89224  5.8065      1.82e-05
89224  5.8405     0.0002366
89224  5.8445     0.0005005
89224  5.8545      6.37e-05
89224  5.8575     0.0002275
89224  5.8645     0.0006825
89224  5.8715       9.1e-05
89224  5.8805      0.001547
89224  5.9055     0.0001274
89224  5.9125     0.0001365
89224  5.9195     0.0008736
89224  5.9455      0.004004
89224  5.9615      2.73e-05
89224  5.9715     0.0001638
89224  6.0035      0.006097
89224  6.0175      0.001274
89224  6.0595      0.019929
89224  6.1415      0.023296
89224  6.1585     0.0009373
89224  6.2075      0.010829
89224  6.2135      0.018564
