25
95241  4.7585         5e-08
95241  4.8005       8.6e-07
95241  4.8335         7e-06
95241  5.0035         1e-06
95241  5.0675       1.4e-06
95241  5.0895         4e-06
95241  5.0965         4e-06
95241  5.1145         4e-06
95241  5.1365       3.2e-06
95241  5.1555         7e-06
95241  5.1785         3e-06
95241  5.1825         9e-06
95241  5.1925         6e-06
95241  5.2165         1e-07
95241  5.2235       1.3e-05
95241  5.2445       2.4e-05
95241  5.2795         5e-06
95241  5.3225       0.00015
95241  5.3885        0.0166
95241  5.4165        0.0001
95241  5.4425         0.131
95241  5.4695        0.0002
95241  5.4855         0.848
95241  5.5115       0.00225
95241  5.5445        0.0037
