31
98249  5.2005       2.5e-07
98249  5.2385         1e-06
98249  5.2735         6e-07
98249  5.3075       6.5e-07
98249  5.3415         4e-06
98249  5.3595         5e-07
98249  5.3705       1.3e-06
98249  5.4225      1.45e-06
98249  5.4315       2.6e-05
98249  5.4335       7.7e-06
98249  5.4715         2e-06
98249  5.4835       3.2e-06
98249  5.5015       0.00044
98249  5.5325       2.1e-06
98249  5.5595       0.00113
98249  5.6045         1e-05
98249  5.6165       6.9e-05
98249  5.6455       1.5e-05
98249  5.6585         1e-06
98249  5.6945         0.003
98249  5.7045        0.0003
98249  5.7595        0.0469
98249  5.7835        0.0026
98249  5.8135         0.822
98249  5.8495        0.0143
98249  5.9035        0.0321
98249  5.9465        0.0333
98249  5.9995       0.00026
98249  6.0715       0.00346
98249  6.1395        0.0133
98249  6.1935        0.0246
