27
96243  5.2265   3.88869e-06
96243  5.2675   1.49565e-05
96243  5.3165     9.971e-06
96243  5.3235    2.9913e-05
96243  5.3325    2.9913e-05
96243  5.5235    1.9942e-05
96243  5.5325    5.9826e-05
96243  5.5375    1.9942e-05
96243  5.5685    6.9797e-05
96243  5.5755    6.9797e-05
96243  5.5825    8.9739e-05
96243  5.5875    0.00019942
96243  5.5935     9.971e-05
96243  5.6125    0.00029913
96243  5.6225    0.00059826
96243  5.6395    0.00139594
96243  5.6465    0.00029913
96243  5.6825     0.0019942
96243  5.6865     0.0159536
96243  5.7425      0.114667
96243  5.7855      0.729877
96243  5.8765     0.0069797
96243  5.9075     0.0009971
96243  5.9915     0.0568347
96243  6.0105     0.0109681
96243  6.0585     0.0468637
96243  6.0665     0.0149565
