29
99253  5.7305         8e-07
99253  5.9105       2.7e-07
99253  5.9355         4e-07
99253  5.9445       1.5e-06
99253  5.9745         6e-07
99253  6.0195       1.8e-06
99253  6.0375       2.9e-06
99253  6.0465         4e-06
99253  6.0845       2.5e-06
99253  6.1005       3.4e-05
99253  6.1225       7.8e-06
99253  6.1665       0.00015
99253  6.2115       0.00039
99253  6.2175       1.5e-05
99253  6.2305       1.2e-06
99253  6.2505       0.00045
99253  6.2665         8e-06
99253  6.3255         4e-06
99253  6.3545       8.2e-05
99253  6.4085       0.00013
99253  6.4325       0.00061
99253  6.4805       0.00085
99253  6.4985        0.0026
99253  6.5405        0.0085
99253  6.5525        0.0071
99253  6.5905         0.066
99253  6.5935         0.007
99253  6.6245         0.008
99253  6.6325         0.899
