18
99252  5.9435      0.000312
99252  5.9855       0.00039
99252  6.0175      0.000936
99252  6.0515      0.007956
99252  6.1095      0.000936
99252  6.1565      0.000312
99252  6.1815      0.000624
99252  6.2155       0.00078
99252  6.2395      0.004446
99252  6.2655       0.00585
99252  6.2985      0.000312
99252  6.3745      0.000546
99252  6.4245       0.00351
99252  6.4615       0.00195
99252  6.4825      0.017082
99252  6.4985      0.002418
99252  6.5625       0.10608
99252  6.6325       0.62556
