36
100255  5.8955       1.9e-07
100255  5.9595       5.8e-08
100255  5.9885         4e-08
100255  6.0485       6.3e-08
100255  6.0565         1e-07
100255  6.0655       4.7e-07
100255  6.0985       2.2e-07
100255  6.1325       3.7e-07
100255  6.1605       4.1e-07
100255  6.1675       2.3e-07
100255  6.1985       3.6e-07
100255  6.3645       3.8e-07
100255  6.4295         6e-08
100255  6.4885         3e-05
100255  6.5045         3e-08
100255  6.5105         4e-08
100255  6.5345         4e-08
100255  6.5465       0.00014
100255  6.5925       0.00017
100255  6.6995       0.00036
100255  6.7105       0.00013
100255  6.7415       1.2e-05
100255  6.7635       0.00016
100255  6.8075        0.0011
100255  6.8145         2e-05
100255  6.8365         8e-05
100255  6.8735         8e-05
100255  6.8925        0.0062
100255  6.9185       0.00017
100255  6.9535       0.00022
100255  6.9635        0.0504
100255  6.9835        0.0013
100255  7.0225         0.939
100255  7.0805         0.004
100255  7.1035        0.0009
100255  7.1275        0.0007
