20
87218  6.8355        0.0004
87218  6.9535        0.0051
87218  6.9955       0.00037
87218  7.0855        0.0033
87218  7.1045        0.0161
87218  7.1765        0.0089
87218  7.2385         0.095
87218  7.3315        0.0058
87218  7.3975         0.033
87218  7.4575         0.013
87218  7.5055        0.0093
87218  7.5485        0.0076
87218  7.6155         0.413
87218  7.6565         0.109
87218  7.6805         0.159
87218  7.7245         0.048
87218  7.7695        0.0114
87218  7.8095         0.016
87218  7.8745         0.014
87218  7.9515         0.024
