20
93237  4.5155       0.00035
93237  4.5735       0.00048
93237  4.5785       0.00369
93237  4.5945       0.00085
93237  4.5995       0.00371
93237  4.6195       0.00032
93237  4.6395        0.0643
93237  4.6595       0.00285
93237  4.6655       0.03478
93237  4.6985       0.00535
93237  4.7085       0.00587
93237  4.7125       0.00587
93237  4.7415       0.00019
93237  4.7665         0.093
93237  4.7715         0.232
93237  4.7885        0.4764
93237  4.8035       0.02014
93237  4.8165        0.0243
93237  4.8665        0.0053
93237  4.8725        0.0239
