29
91228  5.7115        0.0002
91228  5.7585        0.0006
91228  5.7655       0.00052
91228  5.7805       0.00026
91228  5.8005       0.00214
91228  5.8065       0.00138
91228  5.8275       0.00116
91228  5.8445         8e-05
91228  5.8595         6e-05
91228  5.8755       0.00026
91228  5.9055        0.0002
91228  5.9215       0.00016
91228  5.9405        0.0001
91228  5.9465       0.00012
91228  5.9745        0.0005
91228  5.9815       0.00052
91228  5.9885        0.0002
91228  5.9975         6e-05
91228  6.0105       0.00016
91228  6.0275        0.0017
91228  6.0405       0.00044
91228  6.0475         6e-05
91228  6.0525       0.00014
91228  6.0655        0.0002
91228  6.0765        0.0039
91228  6.0895       0.00044
91228  6.1045       0.00226
91228  6.1175       0.00198
91228  6.1265        0.0002
