20
91231  4.4105         1e-05
91231  4.5085         3e-05
91231  4.5665         8e-05
91231  4.5995       0.00015
91231  4.6315         0.001
91231  4.6435         0.001
91231  4.6815         0.015
91231  4.7135          0.01
91231  4.7365         0.084
91231  4.7955        0.0004
91231  4.8535         0.014
91231  4.9005         2e-05
91231  4.9345          0.03
91231  4.9515         0.228
91231  4.9745         0.004
91231  4.9865         0.014
91231  5.0135         0.254
91231  5.0285           0.2
91231  5.0325         0.025
91231  5.0585          0.11
