18
91230  4.7665       6.4e-08
91230  4.7985       9.6e-09
91230  4.9345      1.28e-07
91230  4.9735      2.24e-07
91230  5.0595      1.28e-07
91230  5.0835      2.24e-07
91230  5.1195      1.92e-07
91230  5.1525      1.28e-07
91230  5.1835       1.6e-07
91230  5.2165       1.6e-07
91230  5.2685      1.12e-06
91230  5.2755       9.6e-07
91230  5.2875       9.6e-07
91230  5.3005      5.44e-06
91230  5.3125      4.16e-06
91230  5.3265      5.76e-06
91230  5.3395       4.8e-06
91230  5.3445      7.36e-06
