51
94239  4.0595       2.1e-10
94239  4.1175       9.3e-10
94239  4.1815       5.6e-10
94239  4.1875       7.4e-10
94239  4.2025         4e-10
94239  4.2045       6.1e-10
94239  4.2805       1.9e-09
94239  4.3065         1e-09
94239  4.3255       4.2e-10
94239  4.3275       2.3e-09
94239  4.3495         3e-09
94239  4.3645       8.4e-10
94239  4.3805       2.5e-07
94239  4.3895         1e-08
94239  4.3925      2.46e-09
94239  4.4005      1.03e-07
94239  4.4085         1e-09
94239  4.4185       3.3e-09
94239  4.4485         2e-08
94239  4.4645      1.15e-07
94239  4.4675       6.9e-08
94239  4.4975       1.5e-10
94239  4.5035      5.38e-08
94239  4.5105         8e-07
94239  4.5295      3.19e-08
94239  4.5345      2.84e-08
94239  4.5595       1.2e-07
94239  4.6315         7e-06
94239  4.6555       2.8e-08
94239  4.6915         5e-06
94239  4.7185         4e-07
94239  4.7365       5.1e-05
94239  4.7485         6e-06
94239  4.7695       1.5e-05
94239  4.7955       1.2e-05
94239  4.8245       2.3e-07
94239  4.8285       2.4e-05
94239  4.8655       1.9e-05
94239  4.8715         7e-06
94239  4.9125       2.4e-05
94239  4.9345         6e-05
94239  4.9605         7e-05
94239  4.9875       0.00013
94239  5.0065       0.00017
94239  5.0275         9e-05
94239  5.0545       0.00047
94239  5.0755       0.00078
94239  5.1055        0.1194
94239  5.1115        0.0001
94239  5.1445        0.1711
94239  5.1565         0.708
