25
88223  5.0145       4.4e-06
88223  5.0255       6.3e-06
88223  5.0355         4e-06
88223  5.0565         2e-06
88223  5.0865         3e-06
88223  5.1125         6e-06
88223  5.1345       1.7e-05
88223  5.1515       0.00021
88223  5.1725       0.00026
88223  5.2115       5.3e-05
88223  5.2365       0.00041
88223  5.2585       0.00042
88223  5.2825       0.00093
88223  5.2875        0.0015
88223  5.3385        0.0013
88223  5.3655        0.0013
88223  5.4335        0.0222
88223  5.4815         8e-05
88223  5.5015          0.01
88223  5.5395          0.09
88223  5.6065         0.252
88223  5.7165         0.516
88223  5.7475          0.09
88223  5.8575        0.0031
88223  5.8715          0.01
