45
90227  5.0335       3.1e-06
90227  5.0565       2.3e-06
90227  5.0835       1.5e-06
90227  5.1105       2.8e-06
90227  5.1285       6.2e-06
90227  5.1465       4.1e-05
90227  5.1715       1.7e-05
90227  5.1805       1.2e-05
90227  5.1935       3.8e-05
90227  5.2105         7e-05
90227  5.2295       9.8e-05
90227  5.2485       3.2e-05
90227  5.2645       2.6e-05
90227  5.3215       2.4e-06
90227  5.3355         2e-06
90227  5.3655       6.6e-06
90227  5.4085       4.4e-06
90227  5.4585       2.7e-05
90227  5.4805       1.2e-05
90227  5.5095      0.000166
90227  5.5315       0.00021
90227  5.5855       0.00176
90227  5.6005        0.0017
90227  5.6135       0.00216
90227  5.6225         7e-05
90227  5.6405      0.000179
90227  5.6685        0.0206
90227  5.6745      0.000572
90227  5.6935         0.015
90227  5.7005        0.0363
90227  5.7085         0.083
90227  5.7135        0.0489
90227  5.7285      0.000342
90227  5.7565         0.204
90227  5.7625       0.00228
90227  5.7955       0.00311
90227  5.8075        0.0127
90227  5.8665        0.0242
90227  5.9095       0.00174
90227  5.9165       0.00775
90227  5.9595          0.03
90227  5.9775         0.235
90227  5.9895         2e-05
90227  6.0085         0.029
90227  6.0385         0.242
