31
90229  4.4785         5e-05
90229  4.4845        0.0003
90229  4.5995        0.0002
90229  4.6075        0.0005
90229  4.6675         1e-05
90229  4.6905        0.0023
90229  4.6945        0.0012
90229  4.7375        0.0001
90229  4.7485         5e-05
90229  4.7535        0.0005
90229  4.7615          0.01
90229  4.7975         0.015
90229  4.8095        0.0022
90229  4.8145         0.093
90229  4.8335        0.0029
90229  4.8385          0.05
90229  4.8455         0.562
90229  4.8525        0.0003
90229  4.8615        0.0028
90229  4.8655        0.0003
90229  4.8785        0.0003
90229  4.9015         0.102
90229  4.9305        0.0016
90229  4.9675        0.0597
90229  4.9785        0.0317
90229  5.0095        0.0009
90229  5.0225         9e-05
90229  5.0355        0.0024
90229  5.0465         0.001
90229  5.0535         0.066
90229  5.0785        0.0005
