26
90232  4.0123  78.2 
90232  3.9472  21.7 
90232  3.8111  0.069 
90228  5.42315  73.4 
90228  5.34036  26.0 
90228  5.211  0.408 
90228  5.173  0.218 
90228  5.138  0.036 
88224  5.68537  94.92 
88224  5.4486  5.06 
88224  5.161  0.0071 
88224  5.051  0.0076 
88224  5.034  0.003 
86220  6.28808  99.886 
86220  5.747  0.114 
84216  6.7783  99.9981 
84216  5.985  0.0019 
83212  6.08988  9.746928 
83212  6.05078  25.125654 
83212  5.768  0.61098 
83212  5.626  0.0564258 
83212  5.607  0.406122 
83212  5.481  0.0046722 
83212  5.345  0.0003594 
83212  5.302  3.9534e-05 
84212  8.78486  64.06 



