29
92233  4.0875      1.44e-07
92233  4.3095         9e-06
92233  4.4045         3e-06
92233  4.4105         4e-06
92233  4.4575       2.8e-05
92233  4.4655         3e-05
92233  4.4825       1.4e-05
92233  4.5035         1e-05
92233  4.5065       0.00012
92233  4.5135       0.00018
92233  4.5385         4e-05
92233  4.5655       2.3e-05
92233  4.5905         7e-05
92233  4.6115         6e-05
92233  4.6155         4e-05
92233  4.6345        0.0001
92233  4.6415         3e-05
92233  4.6555         5e-05
92233  4.6635       0.00042
92233  4.6815        0.0001
92233  4.6875       2.8e-05
92233  4.7005        0.0006
92233  4.7295        0.0161
92233  4.7515        0.0001
92233  4.7535       0.00163
92233  4.7585       0.00016
92233  4.7835         0.132
92233  4.7965        0.0028
92233  4.8245         0.843
