20
92235  3.9755         1e-05
92235  4.0775        0.0002
92235  4.1505         0.009
92235  4.2145         0.057
92235  4.2195       0.00917
92235  4.2715         0.004
92235  4.2795       0.00033
92235  4.2875         0.001
92235  4.2955         9e-05
92235  4.3255         0.044
92235  4.3285        0.0021
92235  4.3625        0.0024
92235  4.3665          0.17
92235  4.3815       0.00155
92235  4.3975          0.55
92235  4.4135         0.021
92235  4.4345         0.007
92235  4.5025         0.017
92235  4.5565         0.042
92235  4.5965          0.05
