160
92235  4.5974  4.77 
92235  4.5561  3.82 
92235  4.5025  1.28 
92235  4.4385  0.24 
92235  4.4149  3.09 
92235  4.3954  57.73 
92235  4.3643  18.92 
92235  4.3229  3.52 
92235  4.295  0.009 
92235  4.2829  0.11 
92235  4.2662  0.22 
92235  4.248  0.07 
92235  4.219  0.9 
92235  4.2158  6.01 
92235  4.153  0.297 
92235  4.0806  0.016 
92235  3.976  0.007 
91231  5.0586  11.0 
91231  5.032  2.5 
91231  5.0284  20.0 
91231  5.0138  25.4 
91231  4.986  1.4 
91231  4.975  0.4 
91231  4.9513  22.8 
91231  4.934  3.0 
91231  4.9  0.002 
91231  4.853  1.4 
91231  4.795  0.183 
91231  4.736  8.4 
91231  4.713  1.268 
91231  4.681  1.5 
91231  4.643  0.082 
91231  4.632  0.075 
91231  4.599  0.0153 
91231  4.566  0.0019 
91231  4.508  0.00365 
91231  4.41  0.0127 
89227  4.95326  0.65826 
89227  4.9407  0.54648 
89227  4.8988  0.001518 
89227  4.8727  0.08694 
89227  4.855  0.0828 
89227  4.822  0.000966 
89227  4.796  0.0138 
89227  4.785  0.001104 
89227  4.768  0.02484 
89227  4.738  0.001242 
89227  4.715  0.00552 
89227  4.594  0.000276 
89227  4.589  0.000138 
89227  4.581  4.14e-05 
89227  4.512  4.14e-05 
89227  4.459  6.9e-05 
89227  4.445  0.00069 
89227  4.423  8.28e-05 
89227  4.363  4.14e-05 
90227  6.03801  23.86604 
90227  6.0088  2.85998 
90227  5.9894  0.0019724 
90227  5.97772  23.1757 
90227  5.9597  2.9586 
90227  5.916  0.764305 
90227  5.9099  0.1715988 
90227  5.8666  2.386604 
90227  5.8075  1.252474 
90227  5.7955  0.3067082 
90227  5.7623  0.2248536 
90227  5.75687  20.11848 
90227  5.7281  0.03372804 
90227  5.7132  4.822518 
90227  5.7088  8.18546 
90227  5.7008  3.579906 
90227  5.693  1.4793 
90227  5.6743  0.05641064 
90227  5.668  2.031572 
90227  5.6402  0.01765298 
90227  5.622  0.0069034 
90227  5.6133  0.2130192 
90227  5.6006  0.167654 
90227  5.5859  0.1735712 
90227  5.5317  0.0207102 
90227  5.5099  0.01637092 
90227  5.4804  0.00118344 
90227  5.4586  0.00266274 
90227  5.4087  0.000433928 
90227  5.365  0.000650892 
90227  5.3359  0.00019724 
90227  5.3218  0.000236688 
90227  5.2643  0.00256412 
90227  5.2483  0.00315584 
90227  5.2292  0.00966476 
90227  5.2102  0.0069034 
90227  5.1937  0.00374756 
90227  5.1806  0.00118344 
90227  5.171  0.00167654 
90227  5.1465  0.00404342 
90227  5.1287  0.000611444 
90227  5.1105  0.000276136 
90227  5.0835  0.00014793 
90227  5.0561  0.000226826 
90227  5.0335  0.000305722 
88223  5.8713  0.999999172 
88223  5.8575  0.30999974332 
88223  5.747  8.999992548 
88223  5.71623  51.5999572752 
88223  5.60673  25.1999791344 
88223  5.5398  8.999992548 
88223  5.5016  0.999999172 
88223  5.4812  0.007999993376 
88223  5.4336  2.21999816184 
88223  5.3656  0.12999989236 
88223  5.3387  0.12999989236 
88223  5.2873  0.1499998758 
88223  5.2828  0.092999922996 
88223  5.2588  0.041999965224 
88223  5.2363  0.040999966052 
88223  5.2116  0.0052999956116 
88223  5.1728  0.025999978472 
88223  5.1518  0.020999982612 
88223  5.1348  0.0016999985924 
88223  5.1124  0.0005999995032 
88223  5.0862  0.0002999997516 
88223  5.056  0.0001999998344 
88223  5.036  0.0003999996688 
88223  5.0255  0.00062999947836 
88223  5.0144  0.00043999963568 
85219  6.208  8.0316e-05 
86219  6.8191  79.3999362291 
86219  6.5526  12.8999896392 
86219  6.53  0.109999911652 
86219  6.425  7.4999939763 
86219  6.311  0.0509999590388 
86219  6.223  0.00429999654641 
86219  6.158  0.0179999855431 
86219  6.124  0.000629999494009 
86219  6.1  0.00119999903621 
86219  6.0  0.0030999975102 
86219  5.958  0.000319999742989 
86219  5.944  0.00199999839368 
86219  5.9  9.9999919684e-05 
86219  5.764  0.000919999261093 
86219  5.744  8.99999277156e-05 
84215  7.3861  99.99977 
84215  6.954  0.059999862 
84215  6.819  0.00039999908 
84215  6.802  0.00159999632 
84215  6.754  0.00079999816 
84215  6.671  0.00079999816 
84215  6.636  0.00029999931 
84215  6.589  0.0019999954 
84215  6.519  0.00029999931 
85215  8.026  0.000229885 
85215  7.61  1.15e-07 
83211  6.6229  83.5387948 
83211  6.2782  16.1852052 
83211  5.2994  0.001894756 
84211  7.4503  0.27300816 
84211  6.8915  0.00150696 
84211  6.5683  0.00148212 
84211  5.8482  2.2356e-06 


