

SOURCE 0 XXX
1.00 160
92235  4.5974e+06  4.77 
92235  4.5561e+06  3.82 
92235  4.5025e+06  1.28 
92235  4.4385e+06  0.24 
92235  4.4149e+06  3.09 
92235  4.3954e+06  57.73 
92235  4.3643e+06  18.92 
92235  4.3229e+06  3.52 
92235  4.295e+06  0.009 
92235  4.2829e+06  0.11 
92235  4.2662e+06  0.22 
92235  4.248e+06  0.07 
92235  4.219e+06  0.9 
92235  4.2158e+06  6.01 
92235  4.153e+06  0.297 
92235  4.0806e+06  0.016 
92235  3.976e+06  0.007 
91231  5.0586e+06  11.0 
91231  5.032e+06  2.5 
91231  5.0284e+06  20.0 
91231  5.0138e+06  25.4 
91231  4.986e+06  1.4 
91231  4.975e+06  0.4 
91231  4.9513e+06  22.8 
91231  4.934e+06  3.0 
91231  4.9e+06  0.002 
91231  4.853e+06  1.4 
91231  4.795e+06  0.183 
91231  4.736e+06  8.4 
91231  4.713e+06  1.268 
91231  4.681e+06  1.5 
91231  4.643e+06  0.082 
91231  4.632e+06  0.075 
91231  4.599e+06  0.0153 
91231  4.566e+06  0.0019 
91231  4.508e+06  0.00365 
91231  4.41e+06  0.0127 
89227  4.95326e+06  0.65826 
89227  4.9407e+06  0.54648 
89227  4.8988e+06  0.001518 
89227  4.8727e+06  0.08694 
89227  4.855e+06  0.0828 
89227  4.822e+06  0.000966 
89227  4.796e+06  0.0138 
89227  4.785e+06  0.001104 
89227  4.768e+06  0.02484 
89227  4.738e+06  0.001242 
89227  4.715e+06  0.00552 
89227  4.594e+06  0.000276 
89227  4.589e+06  0.000138 
89227  4.581e+06  4.14e-05 
89227  4.512e+06  4.14e-05 
89227  4.459e+06  6.9e-05 
89227  4.445e+06  0.00069 
89227  4.423e+06  8.28e-05 
89227  4.363e+06  4.14e-05 
90227  6.03801e+06  23.86604 
90227  6.0088e+06  2.85998 
90227  5.9894e+06  0.0019724 
90227  5.97772e+06  23.1757 
90227  5.9597e+06  2.9586 
90227  5.916e+06  0.764305 
90227  5.9099e+06  0.1715988 
90227  5.8666e+06  2.386604 
90227  5.8075e+06  1.252474 
90227  5.7955e+06  0.3067082 
90227  5.7623e+06  0.2248536 
90227  5.75687e+06  20.11848 
90227  5.7281e+06  0.03372804 
90227  5.7132e+06  4.822518 
90227  5.7088e+06  8.18546 
90227  5.7008e+06  3.579906 
90227  5.693e+06  1.4793 
90227  5.6743e+06  0.05641064 
90227  5.668e+06  2.031572 
90227  5.6402e+06  0.01765298 
90227  5.622e+06  0.0069034 
90227  5.6133e+06  0.2130192 
90227  5.6006e+06  0.167654 
90227  5.5859e+06  0.1735712 
90227  5.5317e+06  0.0207102 
90227  5.5099e+06  0.01637092 
90227  5.4804e+06  0.00118344 
90227  5.4586e+06  0.00266274 
90227  5.4087e+06  0.000433928 
90227  5.365e+06  0.000650892 
90227  5.3359e+06  0.00019724 
90227  5.3218e+06  0.000236688 
90227  5.2643e+06  0.00256412 
90227  5.2483e+06  0.00315584 
90227  5.2292e+06  0.00966476 
90227  5.2102e+06  0.0069034 
90227  5.1937e+06  0.00374756 
90227  5.1806e+06  0.00118344 
90227  5.171e+06  0.00167654 
90227  5.1465e+06  0.00404342 
90227  5.1287e+06  0.000611444 
90227  5.1105e+06  0.000276136 
90227  5.0835e+06  0.00014793 
90227  5.0561e+06  0.000226826 
90227  5.0335e+06  0.000305722 
88223  5.8713e+06  0.999999172 
88223  5.8575e+06  0.30999974332 
88223  5.747e+06  8.999992548 
88223  5.71623e+06  51.5999572752 
88223  5.60673e+06  25.1999791344 
88223  5.5398e+06  8.999992548 
88223  5.5016e+06  0.999999172 
88223  5.4812e+06  0.007999993376 
88223  5.4336e+06  2.21999816184 
88223  5.3656e+06  0.12999989236 
88223  5.3387e+06  0.12999989236 
88223  5.2873e+06  0.1499998758 
88223  5.2828e+06  0.092999922996 
88223  5.2588e+06  0.041999965224 
88223  5.2363e+06  0.040999966052 
88223  5.2116e+06  0.0052999956116 
88223  5.1728e+06  0.025999978472 
88223  5.1518e+06  0.020999982612 
88223  5.1348e+06  0.0016999985924 
88223  5.1124e+06  0.0005999995032 
88223  5.0862e+06  0.0002999997516 
88223  5.056e+06  0.0001999998344 
88223  5.036e+06  0.0003999996688 
88223  5.0255e+06  0.00062999947836 
88223  5.0144e+06  0.00043999963568 
85219  6.208e+06  8.0316e-05 
86219  6.8191e+06  79.3999362291 
86219  6.5526e+06  12.8999896392 
86219  6.53e+06  0.109999911652 
86219  6.425e+06  7.4999939763 
86219  6.311e+06  0.0509999590388 
86219  6.223e+06  0.00429999654641 
86219  6.158e+06  0.0179999855431 
86219  6.124e+06  0.000629999494009 
86219  6.1e+06  0.00119999903621 
86219  6.0e+06  0.0030999975102 
86219  5.958e+06  0.000319999742989 
86219  5.944e+06  0.00199999839368 
86219  5.9e+06  9.9999919684e-05 
86219  5.764e+06  0.000919999261093 
86219  5.744e+06  8.99999277156e-05 
84215  7.3861e+06  99.99977 
84215  6.954e+06  0.059999862 
84215  6.819e+06  0.00039999908 
84215  6.802e+06  0.00159999632 
84215  6.754e+06  0.00079999816 
84215  6.671e+06  0.00079999816 
84215  6.636e+06  0.00029999931 
84215  6.589e+06  0.0019999954 
84215  6.519e+06  0.00029999931 
85215  8.026e+06  0.000229885 
85215  7.61e+06  1.15e-07 
83211  6.6229e+06  83.5387948 
83211  6.2782e+06  16.1852052 
83211  5.2994e+06  0.001894756 
84211  7.4503e+06  0.27300816 
84211  6.8915e+06  0.00150696 
84211  6.5683e+06  0.00148212 
84211  5.8482e+06  2.2356e-06 
ENDSOURCE


