
SOURCE 0 XXX
1.00 47
92238  4.198e+06  79.0 
92238  4.151e+06  20.9 
92238  4.038e+06  0.078 
92234  4.7746e+06  71.38 
92234  4.7224e+06  28.42 
92234  4.6035e+06  0.2 
92234  4.2773e+06  4e-05 
92234  4.1506e+06  2.6e-05 
92234  4.1086e+06  7e-06 
90230  4.687e+06  76.3 
90230  4.6205e+06  23.4 
90230  4.4798e+06  0.12 
90230  4.4384e+06  0.03 
90230  4.3718e+06  0.00097 
90230  4.2783e+06  8e-06 
90230  4.2485e+06  1.03e-05 
90230  3.8778e+06  3.4e-06 
90230  3.8294e+06  1.4e-06 
88226  4.78434e+06  93.84 
88226  4.601e+06  6.16 
88226  4.34e+06  0.0065 
88226  4.191e+06  0.001 
88226  4.16e+06  0.00027 
86222  5.48948e+06  99.92 
86222  4.986e+06  0.078 
86222  4.826e+06  0.0005 
84218  6.00235e+06  99.97890022 
84218  5.181e+06  0.00109978 
85218  6.756e+06  0.00071928 
85218  6.693e+06  0.017982 
85218  6.653e+06  0.00127872 
86218  7.1292e+06  1.9974e-05 
86218  6.5311e+06  2.54e-08 
83214  5.516e+06  0.009408 
83214  5.452e+06  0.012936 
83214  5.273e+06  0.001392 
83214  5.184e+06  0.0001464 
83214  5.023e+06  5.04e-05 
83214  4.941e+06  6e-05 
84214  7.68682e+06  99.96550252 
84214  6.9022e+06  0.010397504 
84214  6.6098e+06  5.99856e-05 
82210  3.72e+06  1.9e-06 
83210  4.694e+06  5.2e-05 
83210  4.656e+06  7.8e-05 
84210  5.30433e+06  99.99987 
84210  4.51658e+06  0.001039998648 
ENDSOURCE

